1;;-1
3;;-1
4;;-1
5;;-1
6;;1
7;;-1
8;;1
11;;-1
13;;-1
14;;0
16;;-1
17;;1
18;;-1
21;;-1
22;;-1
24;;1
25;;-1
26;;1
27;;-1
29;;-1
30;;1
31;;0
32;;-1
34;;-1
36;;-1
39;;-1
40;;-1
43;;-1
46;;-1
47;;-1
49;;-1
51;;-1
53;;0
54;;1
55;;0
56;;1
57;;1
58;;0
59;;0
60;;-1
61;;-1
62;;-1
63;;-1
64;;-1
66;;1
68;;-1
69;;-1
72;;1
73;;0
74;;-1
78;;-1
79;;-1
80;;-1
81;;-1
82;;-1
83;;-1
84;;0
86;;1
87;;-1
89;;-1
92;;-1
93;;-1
94;;-1
97;;-1
99;;-1
102;;-1
103;;-1
106;;-1
107;;-1
108;;-1
109;;-1
111;;0
112;;-1
113;;-1
114;;-1
115;;-1
116;;-1
117;;-1
118;;-1
119;;-1
121;;-1
122;;-1
124;;-1
126;;-1
127;;-1
128;;-1
129;;-1
130;;-1
131;;-1
132;;-1
133;;-1
134;;-1
135;;-1
136;;-1
138;;-1
139;;-1
140;;-1
141;;-1
143;;-1
145;;-1
147;;-1
150;;-1
152;;-1
153;;-1
156;;-1
157;;-1
158;;-1
160;;0
161;;-1
163;;-1
165;;0
166;;-1
168;;1
171;;-1
172;;-1
174;;0
176;;-1
178;;-1
180;;-1
182;;-1
183;;-1
184;;-1
185;;-1
186;;-1
187;;-1
189;;-1
190;;-1
191;;-1
192;;-1
193;;-1
194;;1
195;;-1
196;;-1
197;;1
201;;0
202;;-1
205;;-1
206;;-1
207;;-1
208;;-1
209;;-1
211;;-1
212;;-1
213;;-1
214;;-1
216;;-1
217;;-1
219;;-1
220;;-1
221;;-1
222;;-1
224;;-1
225;;-1
226;;0
227;;-1
228;;-1
229;;-1
230;;-1
231;;-1
234;;-1
235;;-1
237;;0
238;;-1
240;;-1
241;;1
242;;-1
243;;1
244;;-1
245;;0
246;;-1
247;;-1
249;;1
250;;-1
253;;-1
254;;-1
256;;-1
258;;-1
260;;-1
261;;1
262;;-1
266;;-1
268;;-1
270;;-1
274;;-1
275;;-1
277;;-1
278;;0
280;;1
281;;-1
282;;-1
283;;-1
287;;-1
288;;1
291;;-1
293;;-1
296;;-1
298;;1
299;;0
300;;-1
301;;-1
302;;-1
305;;-1
306;;-1
308;;-1
311;;1
313;;-1
316;;-1
317;;-1
318;;-1
319;;0
322;;-1
324;;-1
326;;-1
327;;-1
329;;-1
331;;-1
334;;-1
336;;-1
337;;-1
341;;-1
342;;1
344;;-1
346;;-1
348;;0
350;;0
351;;-1
352;;-1
353;;-1
356;;-1
357;;-1
359;;-1
362;;-1
363;;-1
364;;-1
366;;-1
367;;-1
369;;-1
371;;0
372;;-1
373;;-1
374;;1
375;;-1
377;;-1
379;;-1
380;;-1
385;;-1
386;;0
388;;-1
389;;-1
391;;-1
392;;0
393;;-1
394;;-1
395;;-1
396;;-1
398;;-1
399;;-1
400;;-1
402;;-1
404;;-1
406;;-1
408;;-1
409;;-1
410;;-1
412;;-1
413;;0
414;;-1
415;;-1
416;;-1
419;;-1
420;;-1
421;;-1
422;;-1
424;;-1
426;;1
428;;-1
429;;-1
430;;-1
431;;-1
432;;-1
433;;-1
438;;0
439;;-1
440;;-1
442;;-1
443;;1
445;;-1
447;;-1
450;;-1
452;;-1
453;;-1
456;;-1
457;;-1
458;;-1
459;;-1
461;;-1
463;;-1
466;;-1
468;;0
472;;-1
473;;-1
475;;-1
477;;-1
478;;-1
479;;-1
480;;0
482;;-1
483;;-1
484;;-1
487;;-1
488;;-1
489;;-1
491;;-1
492;;-1
493;;-1
494;;-1
495;;-1
496;;-1
498;;-1
499;;-1
502;;-1
504;;-1
505;;-1
506;;-1
507;;1
508;;-1
509;;-1
512;;-1
513;;-1
515;;-1
517;;-1
519;;-1
523;;-1
524;;-1
527;;-1
532;;-1
534;;-1
540;;-1
541;;-1
542;;-1
543;;1
545;;-1
546;;-1
547;;-1
548;;-1
549;;-1
550;;-1
552;;-1
553;;-1
554;;-1
556;;-1
558;;-1
560;;-1
564;;-1
565;;-1
567;;-1
568;;-1
569;;-1
570;;1
572;;-1
573;;-1
574;;1
575;;-1
576;;-1
577;;0
578;;-1
580;;-1
581;;-1
582;;-1
584;;-1
586;;-1
590;;-1
592;;-1
593;;-1
594;;-1
595;;-1
598;;0
603;;0
604;;0
609;;-1
610;;1
611;;-1
612;;1
613;;-1
614;;1
615;;1
616;;-1
617;;-1
618;;-1
619;;-1
620;;-1
622;;-1
623;;-1
625;;-1
626;;-1
627;;-1
629;;0
630;;1
631;;-1
632;;-1
633;;1
634;;-1
635;;-1
636;;-1
637;;-1
638;;-1
640;;1
642;;-1
643;;1
644;;-1
646;;-1
647;;1
652;;-1
653;;-1
654;;1
655;;0
656;;-1
657;;-1
658;;0
659;;-1
660;;-1
662;;-1
664;;-1
666;;-1
669;;-1
670;;-1
671;;0
672;;-1
674;;-1
680;;-1
681;;1
682;;-1
683;;-1
691;;0
692;;0
693;;-1
695;;0
696;;0
699;;-1
702;;-1
703;;-1
704;;-1
705;;-1
707;;1
709;;-1
710;;-1
711;;-1
712;;-1
713;;-1
716;;-1
717;;1
718;;1
719;;-1
720;;0
721;;0
723;;-1
725;;1
727;;-1
729;;-1
733;;-1
735;;-1
737;;-1
738;;-1
739;;0
740;;1
742;;-1
744;;-1
745;;-1
747;;-1
750;;1
751;;-1
753;;-1
754;;-1
755;;-1
756;;-1
757;;1
758;;-1
759;;1
761;;-1
762;;1
763;;0
764;;-1
765;;-1
766;;-1
767;;-1
769;;-1
770;;-1
771;;-1
772;;1
773;;-1
774;;-1
776;;-1
777;;-1
778;;-1
780;;1
781;;-1
782;;-1
783;;-1
785;;-1
787;;-1
788;;-1
790;;1
791;;0
792;;-1
793;;1
794;;-1
795;;-1
796;;-1
797;;-1
798;;-1
799;;-1
800;;-1
801;;-1
802;;-1
803;;-1
804;;-1
805;;-1
807;;0
808;;-1
809;;1
810;;-1
811;;-1
812;;-1
813;;0
814;;1
815;;0
816;;0
818;;-1
821;;-1
822;;1
823;;-1
824;;-1
825;;1
827;;-1
830;;-1
831;;-1
833;;0
835;;-1
836;;-1
837;;-1
838;;0
840;;-1
841;;-1
842;;-1
845;;-1
846;;-1
847;;-1
848;;-1
850;;-1
852;;-1
855;;-1
856;;1
857;;0
858;;-1
859;;0
860;;-1
861;;-1
862;;0
863;;-1
864;;-1
865;;-1
866;;-1
867;;-1
868;;-1
870;;1
873;;-1
874;;-1
875;;-1
876;;-1
877;;-1
878;;0
880;;-1
881;;1
883;;-1
884;;-1
886;;1
887;;-1
889;;0
893;;-1
894;;0
897;;0
900;;-1
901;;-1
902;;-1
903;;-1
904;;-1
907;;-1
908;;0
910;;-1
911;;-1
912;;-1
913;;-1
914;;-1
915;;1
916;;-1
917;;-1
922;;1
923;;-1
924;;-1
926;;-1
928;;-1
929;;-1
931;;-1
934;;1
937;;1
941;;-1
942;;-1
943;;-1
945;;-1
946;;0
947;;-1
948;;-1
949;;-1
950;;-1
951;;-1
952;;-1
953;;-1
954;;0
956;;-1
957;;1
958;;-1
959;;-1
960;;-1
961;;-1
962;;0
963;;1
964;;-1
965;;-1
966;;-1
967;;1
968;;-1
969;;-1
971;;-1
973;;1
974;;-1
975;;-1
977;;0
979;;1
980;;-1
981;;-1
982;;-1
983;;-1
984;;-1
986;;0
987;;-1
989;;-1
990;;-1
991;;-1
992;;-1
995;;-1
997;;-1
998;;-1
1000;;-1
1003;;-1
1004;;-1
1007;;-1
1008;;-1
1013;;1
1015;;1
1018;;-1
1020;;0
1021;;-1
1025;;-1
1028;;0
1030;;-1
1035;;-1
1038;;-1
1039;;-1
1040;;-1
1041;;-1
1045;;-1
1046;;0
1047;;-1
1048;;1
1053;;-1
1054;;-1
1055;;1
1057;;-1
1061;;-1
1062;;-1
1063;;-1
1065;;1
1068;;-1
1070;;-1
1072;;-1
1073;;1
1075;;-1
1077;;-1
1078;;1
1079;;-1
1080;;-1
1081;;-1
1082;;-1
1083;;-1
1084;;-1
1085;;-1
1086;;-1
1087;;-1
1088;;-1
1090;;1
1091;;-1
1092;;-1
1093;;1
1096;;0
1097;;0
1098;;-1
1099;;-1
1100;;-1
1103;;0
1104;;-1
1105;;-1
1106;;1
1108;;-1
1109;;-1
1110;;-1
1111;;1
1112;;-1
1113;;-1
1114;;-1
1115;;-1
1116;;-1
1117;;-1
1118;;-1
1119;;-1
1121;;1
1122;;-1
1124;;-1
1125;;1
1126;;-1
1127;;-1
1128;;-1
1129;;-1
1131;;-1
1132;;1
1134;;-1
1135;;-1
1136;;0
1137;;-1
1138;;0
1139;;-1
1140;;0
1142;;-1
1143;;-1
1144;;-1
1146;;-1
1148;;-1
1149;;-1
1150;;-1
1152;;-1
1153;;-1
1154;;-1
1155;;-1
1156;;-1
1157;;-1
1158;;1
1159;;1
1160;;-1
1161;;1
1162;;0
1164;;1
1165;;-1
1166;;-1
1167;;1
1168;;-1
1170;;-1
1171;;-1
1173;;-1
1175;;1
1177;;-1
1178;;1
1179;;-1
1181;;-1
1182;;-1
1184;;-1
1186;;-1
1187;;-1
1192;;-1
1194;;1
1195;;-1
1199;;-1
1200;;-1
1201;;0
1202;;-1
1203;;1
1204;;0
1205;;-1
1206;;-1
1207;;-1
1208;;-1
1209;;-1
1210;;-1
1211;;0
1212;;-1
1213;;-1
1214;;1
1215;;0
1216;;-1
1217;;-1
1218;;-1
1219;;1
1220;;-1
1221;;-1
1222;;-1
1223;;0
1224;;-1
1225;;-1
1226;;0
1228;;-1
1229;;-1
1230;;0
1231;;0
1232;;-1
1234;;-1
1235;;-1
1236;;-1
1238;;-1
1239;;0
1240;;1
1241;;-1
1242;;-1
1243;;-1
1244;;-1
1245;;-1
1246;;0
1247;;1
1248;;-1
1249;;-1
1250;;-1
1251;;1
1253;;-1
1254;;0
1255;;-1
1256;;-1
1257;;-1
1258;;-1
1259;;1
1260;;-1
1261;;-1
1262;;-1
1263;;-1
1264;;-1
1265;;-1
1266;;0
1267;;0
1268;;-1
1269;;-1
1270;;-1
1271;;-1
1272;;-1
1273;;-1
1275;;1
1276;;-1
1277;;-1
1278;;1
1279;;-1
1280;;-1
1281;;0
1282;;0
1283;;-1
1284;;0
1285;;-1
1286;;-1
1287;;1
1288;;-1
1289;;-1
1290;;-1
1291;;-1
1292;;-1
1293;;-1
1294;;1
1296;;-1
1297;;0
1298;;-1
1300;;0
1301;;1
1302;;-1
1303;;0
1304;;-1
1305;;-1
1307;;-1
1308;;-1
1309;;-1
1310;;-1
1311;;-1
1312;;1
1314;;0
1315;;-1
1316;;-1
1318;;-1
1321;;-1
1322;;1
1323;;-1
1324;;-1
1325;;0
1326;;-1
1327;;0
1328;;-1
1329;;-1
1330;;-1
1331;;-1
1332;;-1
1333;;-1
1334;;-1
1336;;-1
1337;;-1
1338;;0
1339;;-1
1340;;1
1341;;-1
1342;;0
1343;;-1
1344;;-1
1345;;-1
1346;;-1
1349;;1
1350;;1
1351;;-1
1352;;-1
1353;;-1
1354;;-1
1356;;-1
1357;;-1
1358;;1
1359;;-1
1360;;-1
1361;;-1
1362;;-1
1363;;-1
1364;;-1
1366;;1
1367;;0
1368;;-1
1369;;-1
1370;;-1
1371;;-1
1372;;0
1373;;0
1374;;-1
1375;;-1
1376;;-1
1377;;-1
1378;;0
1379;;-1
1381;;-1
1382;;-1
1384;;0
1385;;1
1386;;-1
1388;;-1
1389;;-1
1390;;-1
1391;;-1
1392;;0
1393;;1
1395;;-1
1396;;-1
1398;;0
1400;;0
1401;;1
1403;;0
1405;;0
1407;;-1
1408;;-1
1409;;0
1411;;-1
1412;;-1
1414;;-1
1415;;0
1416;;1
1417;;-1
1418;;-1
1420;;-1
1421;;0
1422;;-1
1423;;1
1424;;0
1426;;-1
1427;;0
1428;;1
1429;;-1
1430;;-1
1432;;-1
1433;;-1
1434;;1
1435;;-1
1436;;-1
1437;;-1
1438;;-1
1439;;1
1440;;0
1441;;-1
1443;;-1
1444;;-1
1445;;-1
1446;;0
1448;;-1
1449;;-1
1450;;-1
1451;;-1
1452;;0
1453;;-1
1454;;1
1455;;-1
1456;;-1
1457;;0
1458;;-1
1459;;0
1460;;-1
1461;;-1
1463;;-1
1464;;0
1465;;-1
1466;;-1
1467;;-1
1468;;0
1469;;-1
1470;;-1
1471;;0
1472;;-1
1474;;0
1475;;0
1476;;-1
1477;;0
1478;;0
1480;;-1
1481;;-1
1483;;-1
1484;;1
1485;;-1
1488;;0
1489;;0
1490;;-1
1491;;0
1492;;-1
1494;;-1
1496;;-1
1497;;0
1498;;0
1499;;-1
1500;;0
1501;;-1
1503;;-1
1504;;-1
1505;;-1
1508;;-1
1509;;-1
1510;;-1
1511;;-1
1512;;-1
1513;;0
1514;;1
1515;;-1
1518;;-1
1519;;-1
1520;;-1
1521;;-1
1522;;-1
1523;;-1
1524;;-1
1525;;-1
1526;;0
1527;;0
1528;;-1
1529;;0
1530;;0
1531;;-1
1532;;0
1534;;-1
1535;;1
1536;;-1
1537;;0
1538;;-1
1539;;0
1540;;-1
1541;;1
1542;;-1
1543;;1
1544;;-1
1545;;-1
1546;;0
1547;;-1
1548;;-1
1549;;0
1550;;-1
1551;;0
1552;;-1
1553;;-1
1554;;0
1557;;-1
1558;;-1
1559;;-1
1561;;-1
1562;;-1
1563;;1
1564;;0
1565;;0
1566;;-1
1567;;-1
1569;;-1
1570;;-1
1571;;-1
1573;;1
1575;;1
1576;;1
1577;;-1
1579;;-1
1580;;-1
1581;;-1
1582;;0
1583;;-1
1584;;-1
1585;;-1
1586;;0
1587;;-1
1588;;-1
1590;;-1
1591;;0
1592;;-1
1593;;-1
1594;;-1
1595;;0
1596;;-1
1597;;-1
1598;;-1
1599;;-1
1600;;-1
1601;;-1
1602;;0
1603;;-1
1604;;-1
1605;;-1
1606;;0
1607;;-1
1608;;-1
1609;;-1
1610;;-1
1611;;-1
1612;;-1
1613;;1
1614;;1
1615;;-1
1616;;0
1617;;1
1618;;-1
1619;;-1
1620;;-1
1621;;1
1622;;-1
1623;;0
1624;;-1
1625;;1
1626;;-1
1627;;-1
1628;;-1
1629;;-1
1630;;0
1631;;-1
1632;;0
1633;;-1
1634;;-1
1635;;-1
1636;;1
1637;;-1
1638;;-1
1639;;1
1640;;-1
1641;;-1
1642;;-1
1643;;-1
1644;;-1
1645;;-1
1646;;0
1647;;-1
1649;;0
1650;;-1
1652;;-1
1653;;-1
1655;;-1
1656;;-1
1658;;-1
1659;;-1
1660;;-1
1661;;0
1662;;0
1663;;-1
1664;;-1
1665;;1
1666;;-1
1667;;0
1668;;-1
1669;;-1
1672;;-1
1673;;-1
1674;;0
1675;;-1
1676;;-1
1677;;-1
1678;;-1
1679;;-1
1680;;-1
1681;;-1
1683;;-1
1684;;-1
1685;;-1
1686;;-1
1687;;0
1688;;0
1689;;-1
1690;;0
1691;;0
1692;;-1
1693;;-1
1694;;-1
1695;;1
1696;;0
1697;;-1
1698;;-1
1699;;0
1700;;1
1701;;-1
1702;;-1
1703;;-1
1704;;0
1705;;-1
1706;;-1
1707;;0
1708;;1
1709;;-1
1711;;1
1712;;0
1714;;1
1715;;-1
1716;;-1
1718;;-1
1719;;0
1720;;1
1721;;0
1722;;-1
1723;;-1
1724;;-1
1726;;-1
1727;;-1
1728;;-1
1729;;0
1730;;-1
1731;;1
1732;;-1
1733;;-1
1734;;-1
1735;;1
1736;;-1
1737;;-1
1738;;0
1740;;1
1741;;1
1742;;-1
1743;;0
1744;;0
1746;;-1
1748;;-1
1749;;-1
1750;;-1
1751;;1
1752;;1
1754;;-1
1755;;-1
1756;;-1
1757;;-1
1758;;-1
1759;;1
1760;;0
1761;;0
1763;;-1
1764;;-1
1765;;-1
1766;;-1
1767;;0
1768;;-1
1769;;1
1770;;-1
1771;;-1
1772;;-1
1774;;-1
1775;;-1
1776;;-1
1777;;1
1778;;-1
1779;;-1
1781;;-1
1782;;-1
1783;;-1
1784;;-1
1785;;-1
1786;;0
1787;;1
1788;;-1
1789;;0
1790;;-1
1791;;0
1792;;-1
1794;;-1
1796;;-1
1797;;-1
1798;;-1
1799;;-1
1800;;0
1801;;-1
1802;;-1
1803;;-1
1804;;0
1807;;-1
1808;;0
1811;;1
1813;;-1
1814;;-1
1815;;-1
1817;;-1
1820;;-1
1823;;-1
1825;;-1
1826;;-1
1827;;-1
1828;;-1
1829;;-1
1832;;0
1833;;-1
1835;;-1
1836;;0
1837;;-1
1838;;-1
1839;;-1
1841;;0
1843;;-1
1845;;-1
1848;;0
1850;;0
1852;;-1
1853;;-1
1854;;-1
1855;;-1
1856;;-1
1858;;0
1859;;-1
1861;;-1
1862;;-1
1863;;-1
1864;;-1
1865;;-1
1866;;-1
1867;;1
1868;;-1
1869;;-1
1870;;-1
1871;;0
1872;;-1
1873;;-1
1874;;-1
1875;;-1
1876;;-1
1877;;0
1878;;-1
1879;;-1
1880;;-1
1881;;-1
1882;;1
1883;;1
1884;;-1
1886;;-1
1887;;-1
1888;;-1
1889;;-1
1890;;-1
1891;;-1
1893;;-1
1895;;-1
1896;;-1
1898;;-1
1899;;-1
1900;;-1
1902;;1
1903;;-1
1904;;-1
1905;;-1
1906;;-1
1907;;-1
1908;;-1
1909;;-1
1910;;0
1911;;-1
1913;;-1
1915;;-1
1916;;1
1918;;-1
1919;;-1
1920;;-1
1921;;0
1922;;-1
1923;;-1
1924;;-1
1925;;-1
1926;;1
1927;;-1
1928;;-1
1930;;-1
1932;;1
1934;;-1
1937;;1
1939;;-1
1942;;-1
1946;;-1
1948;;-1
1949;;-1
1951;;-1
1953;;0
1955;;0
1957;;-1
1958;;-1
1959;;1
1960;;0
1962;;0
1964;;-1
1965;;-1
1966;;-1
1967;;1
1969;;0
1970;;-1
1971;;-1
1973;;-1
1975;;-1
1978;;-1
1980;;0
1981;;1
1982;;-1
1983;;0
1984;;1
1988;;1
1991;;-1
1993;;0
1994;;-1
2000;;-1
2001;;-1
2002;;-1
2004;;-1
2005;;1
2007;;0
2012;;-1
2013;;-1
2016;;-1
2017;;1
2019;;-1
2020;;0
2024;;-1
2025;;-1
2026;;-1
2027;;1
2028;;0
2029;;-1
2030;;-1
2031;;-1
2032;;-1
2033;;-1
2035;;-1
2036;;-1
2037;;-1
2039;;0
2042;;0
2045;;-1
2046;;-1
2047;;1
2049;;-1
2053;;-1
2056;;-1
2057;;-1
2058;;-1
2059;;-1
2062;;-1
2066;;-1
2067;;-1
2069;;-1
2072;;1
2073;;1
2074;;-1
2075;;-1
2077;;-1
2078;;-1
2079;;-1
2081;;-1
2084;;-1
2085;;1
2086;;-1
2087;;-1
2088;;-1
2090;;-1
2091;;-1
2097;;-1
2098;;-1
2099;;-1
2102;;1
2103;;-1
2105;;-1
2107;;-1
2108;;-1
2110;;-1
2111;;1
2114;;0
2115;;-1
2116;;1
2117;;-1
2119;;-1
2120;;0
2122;;-1
2128;;1
2130;;0
2132;;-1
2133;;-1
2135;;-1
2138;;-1
2139;;-1
2140;;0
2144;;-1
2145;;-1
2146;;-1
2149;;-1
2150;;-1
2151;;1
2152;;-1
2153;;-1
2154;;1
2155;;-1
2157;;-1
2158;;1
2159;;-1
2160;;-1
2163;;0
2164;;0
2165;;-1
2166;;-1
2167;;-1
2168;;-1
2170;;-1
2171;;-1
2172;;-1
2173;;-1
2174;;-1
2176;;-1
2177;;-1
2178;;-1
2179;;-1
2182;;-1
2183;;-1
2184;;-1
2186;;0
2187;;-1
2188;;-1
2190;;-1
2191;;-1
2192;;-1
2193;;-1
2196;;-1
2197;;-1
2198;;-1
2200;;0
2201;;-1
2202;;-1
2203;;-1
2204;;-1
2205;;-1
2207;;-1
2209;;-1
2211;;-1
2213;;-1
2214;;-1
2217;;0
2220;;-1
2221;;-1
2222;;0
2223;;1
2228;;-1
2231;;1
2232;;-1
2233;;-1
2239;;-1
2242;;0
2245;;0
2246;;1
2247;;-1
2248;;-1
2249;;-1
2250;;0
2251;;-1
2252;;-1
2253;;-1
2254;;-1
2255;;1
2256;;0
2257;;-1
2259;;-1
2262;;-1
2264;;0
2266;;-1
2267;;-1
2268;;1
2269;;-1
2270;;0
2273;;-1
2274;;-1
2275;;1
2277;;-1
2280;;0
2282;;-1
2283;;-1
2284;;0
2285;;-1
2288;;-1
2290;;0
2292;;1
2294;;-1
2295;;0
2296;;-1
2297;;-1
2300;;1
2304;;-1
2305;;1
2306;;0
2307;;0
2308;;1
2313;;-1
2314;;0
2316;;-1
2318;;-1
2320;;0
2321;;-1
2322;;-1
2323;;-1
2324;;0
2326;;-1
2329;;-1
2330;;0
2332;;1
2334;;-1
2336;;-1
2338;;0
2339;;1
2342;;-1
2343;;-1
2344;;0
2346;;-1
2348;;-1
2349;;-1
2350;;-1
2354;;-1
2355;;-1
2359;;-1
2360;;-1
2362;;-1
2366;;0
2369;;-1
2371;;-1
2372;;-1
2373;;-1
2374;;-1
2378;;-1
2379;;-1
2380;;1
2381;;-1
2384;;-1
2385;;0
2387;;-1
2390;;1
2391;;-1
2393;;-1
2394;;1
2396;;1
2399;;-1
2400;;-1
2401;;0
2402;;-1
2403;;0
2404;;0
2405;;1
2406;;-1
2407;;0
2408;;0
2409;;-1
2410;;-1
2411;;-1
2412;;0
2413;;-1
2414;;1
2415;;-1
2416;;0
2417;;0
2418;;-1
2419;;0
2420;;-1
2421;;0
2423;;-1
2425;;-1
2426;;-1
2427;;-1
2428;;1
2429;;0
2430;;1
2431;;-1
2433;;1
2434;;-1
2435;;-1
2436;;-1
2437;;-1
2438;;-1
2439;;0
2440;;1
2441;;-1
2442;;1
2443;;1
2444;;0
2445;;-1
2446;;0
2447;;0
2448;;-1
2449;;-1
2450;;-1
2451;;1
2452;;-1
2454;;-1
2455;;1
2456;;0
2457;;0
2458;;-1
2459;;-1
2460;;0
2461;;1
2462;;1
2463;;-1
2464;;1
2465;;-1
2466;;0
2467;;-1
2468;;-1
2469;;-1
2470;;-1
2471;;-1
2472;;-1
2473;;0
2474;;0
2475;;-1
2476;;0
2477;;0
2478;;-1
2479;;-1
2481;;0
2482;;-1
2483;;1
2484;;1
2485;;0
2486;;1
2487;;-1
2488;;0
2489;;-1
2490;;-1
2491;;1
2492;;-1
2493;;-1
2494;;-1
2495;;0
2496;;0
2497;;0
2498;;-1
2499;;-1
2500;;-1
2501;;1
2502;;0
2503;;-1
2504;;0
2505;;-1
2506;;-1
2507;;-1
2508;;0
2509;;-1
2510;;-1
2512;;1
2513;;-1
2514;;0
2515;;-1
2516;;1
2517;;-1
2518;;-1
2519;;-1
2520;;1
2521;;-1
2522;;-1
2523;;-1
2524;;0
2525;;0
2526;;-1
2527;;-1
2528;;-1
2529;;0
2530;;-1
2531;;-1
2532;;-1
2533;;0
2536;;-1
2537;;1
2538;;1
2540;;0
2541;;0
2543;;-1
2544;;-1
2545;;-1
2546;;-1
2547;;-1
2548;;-1
2550;;-1
2551;;1
2552;;-1
2553;;-1
2554;;1
2555;;0
2556;;-1
2557;;-1
2558;;-1
2559;;-1
2560;;0
2561;;0
2563;;0
2566;;1
2568;;1
2569;;-1
2572;;-1
2573;;0
2574;;0
2575;;-1
2576;;-1
2578;;1
2579;;-1
2580;;0
2581;;0
2582;;1
2583;;0
2584;;-1
2585;;-1
2586;;-1
2588;;-1
2589;;-1
2592;;0
2593;;0
2594;;0
2596;;-1
2597;;-1
2598;;-1
2599;;0
2600;;-1
2601;;-1
2602;;-1
2603;;0
2604;;-1
2605;;-1
2606;;0
2607;;0
2610;;-1
2611;;1
2612;;-1
2614;;-1
2615;;1
2616;;0
2617;;0
2618;;0
2619;;-1
2620;;-1
2621;;-1
2622;;-1
2626;;-1
2627;;-1
2630;;0
2631;;1
2632;;0
2634;;1
2635;;0
2637;;-1
2639;;-1
2640;;-1
2641;;-1
2642;;-1
2643;;-1
2645;;-1
2647;;0
2648;;0
2649;;-1
2650;;1
2652;;1
2653;;-1
2654;;1
2655;;0
2656;;-1
2657;;-1
2658;;0
2659;;-1
2661;;-1
2662;;-1
2663;;-1
2664;;1
2665;;0
2666;;-1
2669;;1
2671;;1
2673;;-1
2674;;-1
2675;;-1
2676;;-1
2678;;0
2679;;-1
2681;;-1
2682;;-1
2683;;1
2684;;0
2685;;0
2686;;-1
2687;;-1
2688;;-1
2689;;-1
2690;;-1
2691;;-1
2692;;1
2693;;-1
2694;;-1
2695;;-1
2698;;-1
2699;;0
2700;;0
2701;;0
2702;;-1
2703;;-1
2704;;-1
2705;;0
2706;;-1
2708;;0
2710;;0
2711;;-1
2712;;-1
2713;;-1
2714;;0
2715;;1
2716;;-1
2717;;-1
2718;;-1
2719;;-1
2720;;1
2721;;-1
2722;;-1
2723;;-1
2724;;-1
2725;;0
2726;;-1
2727;;-1
2729;;1
2730;;-1
2731;;0
2732;;0
2733;;1
2734;;-1
2736;;-1
2737;;-1
2738;;0
2739;;0
2740;;-1
2741;;1
2742;;1
2743;;-1
2744;;-1
2745;;-1
2746;;-1
2747;;1
2748;;-1
2749;;0
2750;;0
2753;;-1
2754;;-1
2755;;1
2756;;0
2757;;0
2759;;-1
2760;;0
2761;;-1
2762;;0
2763;;0
2764;;0
2765;;-1
2766;;0
2767;;0
2770;;-1
2771;;1
2772;;0
2773;;1
2774;;0
2775;;1
2777;;0
2778;;0
2779;;-1
2780;;0
2781;;0
2782;;0
2783;;-1
2784;;-1
2785;;-1
2786;;-1
2787;;-1
2788;;1
2789;;-1
2790;;-1
2791;;1
2792;;1
2793;;-1
2794;;-1
2795;;0
2796;;0
2799;;-1
2800;;-1
2801;;-1
2802;;-1
2803;;0
2804;;-1
2805;;-1
2806;;-1
2807;;1
2808;;0
2809;;1
2810;;1
2812;;0
2813;;0
2814;;0
2815;;-1
2816;;0
2817;;-1
2818;;0
2819;;0
2820;;-1
2821;;0
2823;;1
2824;;-1
2825;;-1
2826;;-1
2827;;0
2828;;-1
2829;;0
2832;;0
2833;;0
2834;;0
2835;;0
2836;;1
2837;;-1
2838;;-1
2841;;1
2842;;-1
2843;;-1
2844;;-1
2845;;-1
2846;;-1
2847;;0
2848;;0
2849;;-1
2850;;-1
2851;;0
2852;;-1
2853;;-1
2854;;-1
2856;;0
2857;;0
2858;;1
2859;;0
2861;;-1
2862;;-1
2863;;1
2865;;-1
2866;;-1
2867;;-1
2868;;-1
2870;;-1
2871;;1
2872;;0
2873;;1
2874;;-1
2875;;0
2876;;-1
2878;;0
2879;;1
2880;;-1
2881;;-1
2882;;0
2883;;-1
2884;;-1
2885;;0
2886;;-1
2887;;0
2888;;-1
2889;;1
2890;;-1
2891;;0
2892;;0
2893;;1
2894;;0
2895;;-1
2896;;-1
2897;;-1
2898;;0
2899;;-1
2900;;0
2901;;-1
2902;;1
2903;;0
2904;;0
2905;;-1
2907;;-1
2908;;-1
2909;;1
2910;;0
2912;;-1
2913;;-1
2914;;0
2915;;-1
2916;;-1
2917;;-1
2919;;-1
2920;;0
2921;;0
2922;;-1
2923;;1
2924;;0
2925;;-1
2926;;0
2927;;1
2929;;-1
2930;;0
2931;;-1
2933;;-1
2934;;1
2935;;-1
2936;;-1
2937;;-1
2938;;-1
2939;;-1
2940;;-1
2941;;-1
2942;;-1
2943;;1
2944;;-1
2945;;-1
2946;;-1
2948;;-1
2949;;1
2950;;0
2951;;-1
2952;;-1
2953;;-1
2954;;-1
2955;;-1
2956;;0
2957;;1
2958;;-1
2959;;0
2960;;0
2961;;-1
2962;;-1
2963;;0
2964;;-1
2966;;0
2967;;0
2968;;-1
2969;;-1
2970;;0
2971;;1
2972;;1
2973;;1
2974;;0
2975;;0
2977;;-1
2979;;0
2980;;1
2981;;0
2982;;0
2983;;-1
2984;;-1
2985;;-1
2987;;1
2988;;0
2989;;-1
2990;;0
2991;;-1
2992;;0
2993;;1
2994;;0
2995;;1
2996;;0
2997;;-1
2998;;-1
2999;;-1
3000;;-1
3003;;-1
3004;;1
3005;;-1
3006;;-1
3007;;1
3009;;-1
3010;;-1
3011;;0
3012;;-1
3013;;1
3016;;-1
3017;;-1
3018;;1
3019;;0
3020;;-1
3021;;-1
3022;;-1
3023;;-1
3024;;-1
3025;;0
3027;;1
3028;;-1
3029;;-1
3030;;-1
3031;;-1
3032;;-1
3033;;-1
3034;;-1
3035;;-1
3036;;-1
3037;;-1
3038;;-1
3039;;0
3040;;-1
3041;;-1
3042;;-1
3045;;0
3046;;-1
3049;;-1
3050;;-1
3051;;-1
3052;;-1
3054;;-1
3055;;0
3056;;-1
3058;;-1
3059;;-1
3060;;-1
3061;;-1
3062;;-1
3063;;-1
3065;;-1
3066;;-1
3067;;1
3068;;-1
3069;;-1
3070;;-1
3071;;-1
3073;;-1
3074;;-1
3075;;-1
3076;;-1
3078;;-1
3079;;0
3080;;1
3081;;-1
3082;;-1
3083;;-1
3085;;-1
3086;;-1
3088;;-1
3089;;-1
3090;;1
3091;;-1
3092;;-1
3093;;1
3094;;-1
3096;;1
3097;;-1
3098;;-1
3099;;-1
3100;;-1
3102;;-1
3103;;-1
3104;;-1
3105;;-1
3106;;0
3107;;0
3108;;0
3109;;1
3110;;-1
3111;;-1
3112;;-1
3113;;0
3114;;-1
3115;;0
3116;;-1
3117;;1
3118;;-1
3119;;0
3120;;1
3121;;-1
3122;;-1
3123;;-1
3124;;-1
3125;;-1
3126;;-1
3127;;-1
3128;;-1
3129;;1
3130;;-1
3131;;-1
3132;;-1
3133;;-1
3134;;1
3135;;-1
3136;;-1
3137;;-1
3138;;-1
3139;;-1
3140;;-1
3143;;-1
3144;;-1
3145;;-1
3146;;-1
3147;;0
3148;;-1
3149;;-1
3150;;-1
3151;;-1
3152;;-1
3153;;-1
3154;;-1
3155;;-1
3156;;-1
3157;;-1
3158;;-1
3159;;-1
3161;;-1
3162;;-1
3163;;-1
3164;;-1
3165;;-1
3166;;-1
3167;;1
3169;;1
3170;;1
3171;;-1
3172;;-1
3173;;-1
3174;;1
3175;;-1
3176;;-1
3177;;-1
3178;;-1
3179;;-1
3180;;-1
3181;;-1
3182;;-1
3183;;-1
3184;;-1
3186;;0
3187;;-1
3188;;-1
3189;;-1
3190;;-1
3191;;-1
3192;;-1
3193;;-1
3194;;-1
3195;;-1
3196;;1
3197;;-1
3198;;-1
3199;;-1
3200;;1
3201;;1
3202;;-1
3203;;-1
3204;;-1
3205;;-1
3206;;-1
3207;;-1
3208;;-1
3209;;1
3210;;-1
3211;;-1
3212;;-1
3213;;-1
3214;;-1
3215;;-1
3217;;-1
3218;;-1
3219;;-1
3220;;-1
3221;;-1
3222;;-1
3223;;-1
3224;;0
3226;;-1
3228;;0
3229;;-1
3230;;-1
3231;;-1
3232;;-1
3233;;-1
3234;;1
3235;;-1
3236;;-1
3237;;-1
3238;;-1
3239;;-1
3240;;-1
3241;;-1
3242;;-1
3243;;-1
3244;;0
3246;;0
3247;;-1
3248;;-1
3249;;1
3252;;-1
3254;;0
3255;;-1
3257;;1
3258;;-1
3261;;-1
3262;;-1
3263;;-1
3264;;-1
3265;;0
3266;;0
3268;;-1
3269;;0
3271;;-1
3272;;-1
3273;;-1
3275;;-1
3276;;-1
3279;;1
3280;;-1
3282;;-1
3283;;-1
3284;;-1
3285;;1
3287;;-1
3288;;-1
3290;;-1
3291;;0
3294;;-1
3295;;-1
3296;;-1
3297;;-1
3298;;-1
3299;;-1
3300;;-1
3301;;-1
3303;;-1
3304;;-1
3305;;-1
3306;;1
3307;;0
3310;;-1
3311;;0
3312;;-1
3313;;-1
3314;;-1
3315;;1
3316;;-1
3317;;-1
3318;;-1
3320;;-1
3321;;-1
3322;;-1
3323;;-1
3324;;-1
3325;;-1
3326;;-1
3328;;-1
3329;;-1
3330;;-1
3331;;-1
3332;;-1
3333;;-1
3334;;-1
3335;;-1
3336;;-1
3337;;-1
3338;;-1
3339;;0
3340;;-1
3342;;-1
3343;;-1
3345;;-1
3346;;0
3348;;-1
3349;;-1
3350;;-1
3351;;-1
3352;;-1
3353;;-1
3354;;0
3355;;1
3357;;-1
3358;;-1
3359;;0
3360;;-1
3361;;-1
3362;;-1
3364;;1
3365;;-1
3366;;-1
3367;;-1
3368;;-1
3369;;-1
3370;;-1
3371;;-1
3372;;-1
3373;;-1
3374;;-1
3375;;-1
3376;;-1
3377;;0
3379;;-1
3380;;-1
3381;;-1
3382;;0
3383;;-1
3384;;-1
3385;;-1
3386;;-1
3387;;-1
3388;;-1
3389;;-1
3390;;0
3391;;-1
3392;;-1
3394;;-1
3395;;-1
3397;;-1
3398;;-1
3399;;-1
3400;;-1
3401;;-1
3402;;-1
3403;;-1
3404;;-1
3406;;-1
3407;;-1
3408;;-1
3409;;1
3410;;1
3411;;-1
3412;;-1
3413;;0
3414;;-1
3415;;-1
3416;;-1
3417;;-1
3418;;-1
3419;;-1
3421;;-1
3422;;-1
3423;;-1
3424;;1
3425;;-1
3426;;-1
3427;;-1
3428;;-1
3429;;-1
3430;;-1
3431;;-1
3432;;-1
3433;;-1
3435;;-1
3436;;-1
3437;;1
3439;;0
3440;;-1
3441;;0
3442;;-1
3443;;-1
3444;;-1
3445;;-1
3446;;0
3447;;-1
3449;;0
3450;;0
3453;;-1
3454;;-1
3455;;0
3456;;-1
3458;;-1
3459;;-1
3460;;0
3461;;-1
3462;;-1
3463;;-1
3464;;1
3465;;1
3467;;-1
3468;;1
3469;;-1
3470;;1
3471;;-1
3472;;-1
3473;;-1
3475;;-1
3476;;0
3478;;-1
3479;;1
3480;;-1
3482;;-1
3484;;-1
3485;;-1
3486;;-1
3487;;0
3488;;-1
3489;;1
3490;;-1
3491;;0
3492;;-1
3493;;-1
3495;;-1
3496;;-1
3497;;-1
3498;;-1
3499;;-1
3500;;-1
3501;;-1
3502;;0
3503;;0
3504;;-1
3505;;-1
3506;;-1
3507;;-1
3511;;-1
3512;;1
3513;;-1
3516;;-1
3517;;-1
3518;;-1
3519;;-1
3520;;1
3522;;-1
3524;;-1
3525;;0
3527;;-1
3528;;0
3529;;-1
3530;;-1
3531;;-1
3533;;0
3534;;1
3538;;-1
3539;;1
3540;;-1
3541;;-1
3543;;-1
3544;;-1
3545;;1
3546;;-1
3547;;-1
3548;;0
3550;;-1
3552;;1
3553;;-1
3555;;-1
3556;;-1
3557;;-1
3558;;-1
3560;;-1
3561;;-1
3562;;-1
3563;;0
3564;;-1
3565;;0
3566;;-1
3567;;-1
3569;;-1
3571;;-1
3572;;0
3573;;-1
3574;;-1
3575;;-1
3576;;-1
3577;;1
3579;;-1
3580;;-1
3581;;0
3582;;1
3583;;0
3584;;-1
3585;;-1
3586;;-1
3587;;-1
3588;;-1
3589;;-1
3590;;0
3591;;-1
3593;;0
3595;;0
3596;;-1
3598;;-1
3599;;0
3600;;-1
3601;;0
3602;;-1
3603;;-1
3604;;-1
3605;;-1
3606;;-1
3607;;-1
3608;;-1
3609;;0
3610;;0
3611;;-1
3612;;-1
3613;;1
3614;;-1
3615;;-1
3616;;-1
3617;;-1
3618;;0
3619;;-1
3620;;-1
3621;;-1
3622;;-1
3623;;-1
3624;;-1
3625;;-1
3626;;-1
3627;;-1
3628;;-1
3629;;0
3630;;-1
3631;;-1
3632;;-1
3633;;0
3634;;-1
3635;;0
3636;;-1
3637;;-1
3638;;-1
3639;;-1
3640;;1
3641;;1
3642;;1
3643;;0
3644;;0
3645;;-1
3646;;0
3647;;-1
3648;;0
3649;;-1
3650;;0
3651;;-1
3652;;-1
3653;;0
3654;;-1
3655;;-1
3656;;1
3657;;-1
3658;;-1
3659;;-1
3660;;-1
3661;;0
3662;;0
3663;;0
3665;;0
3666;;-1
3667;;-1
3668;;-1
3669;;-1
3670;;1
3672;;-1
3673;;-1
3674;;-1
3675;;-1
3676;;1
3677;;1
3678;;1
3679;;-1
3680;;-1
3681;;0
3682;;-1
3683;;-1
3684;;-1
3685;;-1
3686;;-1
3687;;-1
3688;;0
3689;;0
3690;;1
3691;;-1
3692;;0
3693;;-1
3694;;1
3695;;-1
3696;;0
3697;;-1
3698;;1
3699;;-1
3700;;0
3701;;0
3702;;0
3703;;-1
3704;;-1
3705;;-1
3706;;0
3707;;0
3708;;1
3709;;-1
3710;;-1
3711;;-1
3712;;0
3713;;-1
3714;;-1
3715;;-1
3716;;-1
3717;;0
3718;;1
3719;;-1
3720;;0
3721;;0
3722;;-1
3723;;-1
3724;;-1
3725;;1
3726;;-1
3727;;-1
3728;;-1
3729;;-1
3730;;1
3731;;-1
3732;;1
3733;;-1
3734;;0
3735;;0
3736;;-1
3737;;-1
3738;;0
3739;;0
3740;;1
3741;;-1
3742;;1
3743;;-1
3744;;1
3745;;-1
3746;;-1
3747;;-1
3748;;-1
3749;;1
3750;;1
3751;;0
3752;;-1
3753;;-1
3754;;0
3755;;0
3756;;-1
3757;;-1
3758;;-1
3759;;-1
3760;;-1
3761;;0
3762;;1
3763;;0
3764;;-1
3765;;0
3766;;-1
3767;;-1
3768;;0
3769;;-1
3770;;-1
3771;;1
3772;;0
3773;;-1
3774;;0
3775;;-1
3776;;-1
3777;;-1
3778;;1
3779;;-1
3780;;0
3781;;0
3782;;-1
3783;;0
3784;;-1
3785;;-1
3786;;-1
3787;;0
3788;;0
3789;;-1
3790;;-1
3791;;-1
3792;;1
3793;;-1
3794;;0
3795;;-1
3796;;1
3797;;-1
3798;;0
3799;;0
3800;;-1
3801;;-1
3802;;-1
3803;;1
3804;;0
3805;;-1
3806;;1
3807;;-1
3808;;0
3809;;0
3810;;-1
3811;;0
3812;;-1
3813;;0
3814;;0
3815;;-1
3816;;-1
3817;;-1
3818;;-1
3819;;0
3820;;0
3821;;0
3822;;0
3823;;-1
3824;;0
3825;;-1
3826;;1
3827;;-1
3828;;0
3829;;-1
3830;;1
3831;;1
3832;;-1
3833;;0
3834;;-1
3835;;-1
3836;;-1
3837;;-1
3838;;-1
3839;;-1
3840;;-1
3841;;-1
3842;;-1
3843;;0
3844;;-1
3845;;0
3846;;1
3847;;-1
3848;;-1
3849;;-1
3850;;-1
3851;;-1
3852;;-1
3853;;-1
3854;;0
3855;;0
3856;;-1
3857;;1
3858;;-1
3859;;0
3860;;-1
3861;;-1
3862;;0
3863;;-1
3864;;0
3865;;-1
3866;;0
3867;;0
3868;;0
3869;;0
3870;;-1
3871;;-1
3872;;-1
3873;;0
3874;;-1
3875;;-1
3876;;0
3878;;0
3879;;1
3880;;0
3881;;1
3882;;-1
3883;;-1
3884;;1
3885;;-1
3886;;-1
3887;;0
3888;;1
3889;;0
3890;;-1
3891;;-1
3892;;0
3893;;-1
3894;;1
3895;;1
3896;;-1
3897;;1
3898;;0
3899;;-1
3900;;0
3901;;-1
3902;;-1
3903;;-1
3904;;-1
3905;;0
3906;;-1
3907;;0
3908;;-1
3909;;-1
3910;;0
3911;;-1
3912;;-1
3913;;-1
3914;;-1
3915;;-1
3917;;-1
3918;;-1
3919;;-1
3920;;0
3921;;-1
3922;;0
3923;;-1
3924;;-1
3925;;-1
3926;;-1
3927;;-1
3928;;0
3929;;1
3930;;1
3931;;0
3932;;0
3933;;-1
3934;;-1
3935;;-1
3936;;1
3937;;1
3938;;-1
3939;;0
3940;;-1
3941;;1
3942;;-1
3943;;0
3944;;-1
3945;;-1
3946;;-1
3947;;0
3948;;-1
3949;;-1
3950;;0
3951;;-1
3952;;1
3953;;-1
3954;;-1
3955;;0
3956;;1
3957;;-1
3958;;1
3959;;-1
3960;;1
3961;;-1
3962;;-1
3963;;-1
3964;;0
3965;;-1
3966;;0
3967;;-1
3968;;-1
3969;;-1
3970;;-1
3971;;-1
3972;;0
3973;;0
3974;;0
3975;;-1
3976;;-1
3977;;-1
3978;;-1
3979;;-1
3980;;-1
3981;;-1
3982;;1
3983;;-1
3984;;-1
3985;;-1
3986;;0
3987;;1
3988;;-1
3989;;0
3990;;-1
3991;;-1
3992;;-1
3993;;1
3994;;-1
3995;;-1
3996;;-1
3997;;0
3998;;-1
3999;;0
4000;;0
4001;;0
4002;;0
4003;;1
4004;;-1
4005;;0
4006;;0
4007;;-1
4008;;-1
4009;;-1
4010;;-1
4011;;-1
4012;;-1
4013;;-1
4014;;0
4015;;-1
4016;;-1
4017;;-1
4018;;0
4020;;-1
4021;;-1
4022;;-1
4023;;1
4024;;-1
4025;;0
4026;;0
4028;;-1
4031;;-1
4032;;-1
4033;;0
4034;;-1
4035;;-1
4036;;-1
4038;;-1
4039;;-1
4040;;1
4041;;0
4042;;0
4043;;0
4047;;-1
4049;;-1
4050;;-1
4051;;-1
4054;;-1
4055;;1
4056;;-1
4057;;-1
4058;;-1
4059;;-1
4060;;-1
4061;;0
4062;;1
4064;;0
4067;;-1
4068;;-1
4069;;0
4070;;-1
4071;;1
4072;;0
4075;;-1
4077;;-1
4079;;-1
4082;;0
4083;;-1
4084;;-1
4087;;-1
4088;;-1
4089;;-1
4091;;-1
4092;;-1
4093;;-1
4095;;1
4096;;-1
4097;;-1
4099;;-1
4100;;-1
4103;;-1
4104;;-1
4108;;-1
4109;;-1
4110;;-1
4112;;-1
4113;;-1
4114;;-1
4115;;-1
4118;;-1
4119;;-1
4120;;-1
4121;;-1
4122;;-1
4123;;0
4125;;0
4127;;-1
4128;;-1
4129;;-1
4131;;1
4132;;-1
4134;;0
4135;;-1
4136;;-1
4137;;-1
4138;;0
4140;;-1
4141;;0
4142;;-1
4143;;-1
4145;;-1
4147;;-1
4148;;0
4150;;-1
4151;;-1
4152;;-1
4153;;-1
4154;;1
4155;;-1
4156;;-1
4157;;-1
4158;;-1
4161;;-1
4166;;1
4167;;-1
4168;;-1
4169;;-1
4170;;1
4172;;0
4175;;-1
4176;;0
4177;;-1
4178;;-1
4179;;-1
4181;;-1
4182;;-1
4183;;-1
4184;;0
4185;;0
4188;;-1
4190;;-1
4194;;-1
4195;;-1
4196;;-1
4197;;1
4198;;-1
4201;;-1
4202;;-1
4203;;-1
4205;;-1
4206;;-1
4207;;-1
4208;;-1
4209;;-1
4210;;-1
4211;;-1
4212;;-1
4213;;-1
4214;;-1
4215;;1
4217;;-1
4218;;-1
4219;;-1
4220;;0
4221;;-1
4222;;-1
4223;;-1
4224;;1
4225;;0
4227;;-1
4228;;1
4229;;0
4230;;1
4231;;-1
4232;;0
4233;;-1
4234;;-1
4235;;-1
4236;;-1
4237;;-1
4239;;1
4240;;0
4242;;-1
4243;;-1
4244;;-1
4245;;-1
4247;;1
4248;;-1
4249;;-1
4251;;0
4252;;-1
4253;;-1
4254;;-1
4256;;-1
4257;;-1
4258;;-1
4259;;0
4260;;-1
4262;;0
4263;;1
4264;;-1
4265;;0
4266;;0
4268;;-1
4269;;-1
4271;;-1
4272;;-1
4273;;-1
4274;;1
4275;;-1
4276;;-1
4277;;-1
4279;;-1
4280;;-1
4281;;1
4282;;0
4283;;0
4285;;-1
4286;;1
4287;;-1
4288;;-1
4289;;0
4290;;-1
4291;;1
4292;;-1
4293;;-1
4294;;-1
4295;;1
4296;;-1
4297;;-1
4298;;-1
4299;;-1
4301;;-1
4303;;-1
4304;;0
4305;;-1
4306;;-1
4307;;-1
4308;;-1
4309;;-1
4310;;0
4311;;-1
4313;;-1
4314;;-1
4315;;-1
4316;;-1
4319;;-1
4320;;1
4321;;0
4323;;0
4324;;-1
4325;;1
4326;;-1
4327;;-1
4328;;1
4329;;-1
4330;;0
4331;;0
4332;;1
4333;;-1
4334;;-1
4336;;-1
4337;;-1
4338;;-1
4339;;0
4340;;-1
4341;;0
4342;;-1
4343;;-1
4344;;1
4345;;-1
4346;;-1
4347;;-1
4348;;-1
4351;;-1
4352;;-1
4353;;-1
4354;;0
4355;;-1
4357;;-1
4358;;-1
4359;;0
4360;;1
4361;;-1
4362;;0
4363;;-1
4364;;-1
4365;;-1
4367;;-1
4368;;-1
4369;;1
4370;;0
4371;;-1
4372;;0
4373;;-1
4374;;-1
4375;;-1
4376;;0
4377;;0
4379;;-1
4380;;-1
4381;;-1
4382;;-1
4383;;1
4384;;-1
4386;;1
4387;;-1
4388;;-1
4389;;-1
4390;;-1
4391;;-1
4395;;-1
4396;;-1
4397;;-1
4398;;1
4399;;-1
4401;;-1
4402;;0
4403;;-1
4404;;-1
4406;;1
4407;;0
4409;;1
4410;;1
4411;;-1
4413;;-1
4414;;1
4415;;-1
4416;;-1
4417;;-1
4418;;-1
4419;;-1
4422;;0
4424;;-1
4425;;-1
4426;;1
4427;;-1
4428;;-1
4430;;1
4431;;-1
4432;;-1
4433;;0
4434;;1
4435;;-1
4436;;-1
4438;;-1
4439;;-1
4441;;-1
4442;;-1
4443;;0
4444;;-1
4445;;-1
4446;;-1
4447;;-1
4449;;-1
4450;;-1
4451;;-1
4452;;-1
4454;;1
4455;;-1
4457;;0
4458;;-1
4459;;1
4460;;-1
4463;;-1
4464;;-1
4465;;-1
4466;;-1
4467;;-1
4468;;-1
4469;;0
4470;;0
4471;;-1
4473;;0
4474;;0
4475;;-1
4476;;-1
4477;;-1
4481;;-1
4482;;-1
4483;;-1
4484;;0
4485;;0
4486;;-1
4487;;-1
4488;;0
4490;;-1
4491;;1
4492;;-1
4493;;-1
4494;;-1
4497;;-1
4498;;-1
4499;;-1
4500;;-1
4502;;0
4503;;0
4504;;-1
4505;;-1
4506;;1
4507;;-1
4509;;0
4510;;-1
4511;;-1
4513;;-1
4515;;0
4517;;-1
4518;;1
4519;;-1
4520;;-1
4522;;-1
4523;;1
4524;;-1
4525;;0
4526;;-1
4527;;-1
4528;;-1
4529;;-1
4530;;-1
4531;;-1
4532;;-1
4533;;-1
4534;;-1
4535;;-1
4536;;-1
4537;;1
4538;;-1
4539;;-1
4540;;0
4541;;0
4542;;-1
4543;;0
4544;;-1
4545;;-1
4546;;-1
4547;;-1
4548;;-1
4549;;1
4550;;-1
4551;;-1
4553;;-1
4554;;0
4555;;1
4556;;-1
4557;;1
4558;;1
4559;;1
4560;;0
4561;;1
4563;;-1
4564;;-1
4565;;1
4566;;-1
4567;;-1
4568;;-1
4569;;-1
4570;;-1
4571;;1
4572;;-1
4573;;1
4574;;1
4576;;0
4577;;-1
4578;;0
4579;;-1
4580;;-1
4581;;-1
4582;;-1
4583;;0
4584;;0
4585;;-1
4586;;-1
4588;;-1
4589;;-1
4590;;-1
4591;;1
4592;;-1
4593;;1
4594;;-1
4595;;-1
4596;;-1
4598;;0
4599;;-1
4600;;-1
4601;;0
4602;;-1
4603;;1
4604;;0
4605;;-1
4606;;-1
4608;;-1
4609;;-1
4610;;1
4611;;-1
4612;;-1
4613;;-1
4614;;-1
4616;;0
4617;;-1
4618;;-1
4619;;-1
4620;;-1
4621;;-1
4623;;1
4624;;-1
4626;;0
4627;;0
4628;;-1
4629;;-1
4630;;1
4631;;-1
4632;;1
4633;;-1
4634;;-1
4635;;-1
4636;;-1
4637;;-1
4638;;-1
4639;;-1
4640;;0
4642;;1
4643;;1
4644;;1
4646;;-1
4647;;-1
4649;;1
4652;;-1
4653;;-1
4654;;1
4655;;0
4656;;-1
4657;;-1
4659;;-1
4660;;0
4662;;-1
4663;;1
4664;;-1
4665;;-1
4666;;-1
4667;;1
4668;;-1
4669;;-1
4670;;-1
4671;;1
4672;;-1
4674;;-1
4675;;0
4676;;-1
4677;;1
4678;;-1
4679;;-1
4680;;-1
4681;;0
4682;;0
4684;;1
4685;;0
4686;;-1
4687;;-1
4689;;-1
4690;;0
4692;;-1
4693;;-1
4694;;-1
4695;;-1
4696;;0
4699;;-1
4701;;-1
4702;;-1
4704;;-1
4705;;1
4706;;-1
4707;;-1
4708;;-1
4709;;-1
4711;;-1
4712;;-1
4713;;-1
4714;;1
4715;;-1
4717;;0
4718;;1
4719;;0
4720;;-1
4721;;1
4722;;-1
4725;;0
4726;;-1
4727;;-1
4728;;-1
4729;;-1
4730;;0
4731;;-1
4732;;-1
4734;;1
4735;;0
4736;;0
4737;;-1
4738;;-1
4739;;1
4740;;-1
4741;;0
4742;;-1
4743;;0
4744;;-1
4745;;-1
4746;;-1
4747;;-1
4748;;-1
4749;;-1
4750;;-1
4751;;-1
4752;;-1
4753;;0
4754;;-1
4755;;0
4756;;-1
4757;;-1
4759;;-1
4761;;-1
4762;;-1
4763;;-1
4764;;0
4766;;-1
4768;;0
4769;;-1
4770;;-1
4771;;0
4772;;-1
4773;;-1
4774;;0
4775;;0
4777;;1
4778;;-1
4780;;-1
4781;;-1
4782;;0
4783;;0
4784;;-1
4786;;-1
4787;;-1
4788;;0
4789;;1
4790;;-1
4791;;1
4792;;-1
4793;;1
4794;;1
4795;;-1
4796;;-1
4797;;1
4799;;-1
4800;;-1
4801;;0
4802;;-1
4803;;-1
4805;;0
4806;;-1
4807;;-1
4808;;0
4809;;-1
4810;;-1
4811;;-1
4812;;-1
4813;;-1
4816;;-1
4817;;0
4818;;0
4819;;1
4820;;-1
4821;;1
4822;;-1
4823;;-1
4824;;-1
4827;;0
4828;;1
4829;;1
4830;;1
4832;;-1
4833;;-1
4834;;0
4836;;-1
4837;;0
4838;;-1
4839;;-1
4840;;-1
4841;;-1
4843;;0
4844;;-1
4845;;-1
4847;;-1
4852;;1
4853;;1
4854;;1
4855;;-1
4856;;1
4858;;-1
4860;;-1
4861;;-1
4862;;0
4865;;1
4866;;-1
4868;;0
4869;;1
4870;;-1
4871;;-1
4873;;0
4874;;-1
4875;;-1
4876;;-1
4877;;1
4879;;-1
4880;;1
4881;;-1
4882;;1
4883;;1
4884;;-1
4885;;1
4887;;-1
4888;;-1
4889;;-1
4890;;-1
4891;;-1
4892;;-1
4893;;-1
4894;;-1
4896;;1
4897;;1
4898;;1
4899;;0
4900;;1
4901;;1
4903;;0
4904;;-1
4905;;-1
4906;;1
4908;;-1
4909;;-1
4910;;-1
4912;;-1
4913;;1
4915;;0
4916;;-1
4919;;0
4920;;1
4923;;-1
4924;;-1
4925;;-1
4926;;-1
4927;;1
4928;;1
4929;;-1
4930;;1
4932;;-1
4935;;1
4937;;1
4938;;-1
4940;;-1
4941;;0
4942;;-1
4943;;-1
4944;;-1
4947;;-1
4948;;-1
4949;;1
4952;;1
4953;;1
4954;;-1
4955;;-1
4956;;1
4957;;-1
4958;;1
4959;;-1
4960;;0
4962;;-1
4963;;-1
4964;;0
4965;;-1
4966;;-1
4967;;-1
4968;;1
4969;;1
4971;;-1
4974;;1
4975;;0
4976;;-1
4977;;-1
4979;;-1
4980;;-1
4981;;-1
4982;;1
4985;;0
4986;;1
4987;;-1
4990;;1
4991;;-1
4992;;-1
4993;;-1
4994;;1
4997;;-1
4998;;-1
4999;;-1
5000;;-1
5001;;-1
5002;;1
5004;;-1
5005;;0
5007;;-1
5009;;1
5010;;-1
5011;;-1
5012;;-1
5014;;-1
5015;;-1
5016;;0
5019;;-1
5021;;-1
5022;;-1
5023;;-1
5024;;-1
5025;;0
5026;;-1
5027;;1
5029;;-1
5031;;-1
5033;;-1
5034;;-1
5036;;0
5039;;-1
5040;;-1
5041;;1
5043;;-1
5044;;-1
5045;;1
5047;;-1
5048;;-1
5049;;1
5052;;-1
5053;;1
5055;;-1
5056;;1
5057;;1
5058;;1
5059;;-1
5060;;-1
5061;;-1
5062;;-1
5064;;1
5065;;-1
5067;;-1
5068;;-1
5069;;0
5070;;-1
5071;;-1
5073;;-1
5074;;1
5075;;-1
5076;;-1
5077;;-1
5080;;0
5081;;-1
5082;;-1
5084;;-1
5086;;-1
5087;;1
5088;;-1
5089;;-1
5091;;0
5092;;1
5093;;-1
5094;;-1
5096;;-1
5099;;1
5100;;-1
5101;;-1
5102;;-1
5103;;-1
5104;;0
5106;;1
5108;;0
5109;;-1
5110;;-1
5111;;0
5112;;-1
5114;;0
5115;;-1
5116;;-1
5117;;-1
5119;;-1
5121;;1
5123;;-1
5124;;0
5126;;-1
5127;;1
5128;;-1
5129;;-1
5130;;1
5131;;-1
5132;;-1
5133;;-1
5134;;-1
5136;;-1
5137;;-1
5138;;-1
5139;;-1
5141;;-1
5142;;-1
5143;;-1
5144;;0
5145;;-1
5147;;1
5149;;-1
5150;;1
5151;;-1
5152;;-1
5153;;-1
5154;;0
5157;;-1
5158;;1
5161;;-1
5163;;-1
5166;;0
5167;;0
5169;;-1
5170;;0
5171;;-1
5174;;-1
5176;;-1
5177;;0
5179;;-1
5180;;-1
5181;;0
5182;;-1
5184;;-1
5185;;-1
5186;;-1
5187;;1
5188;;-1
5189;;0
5190;;-1
5192;;1
5195;;0
5196;;-1
5198;;1
5199;;-1
5200;;-1
5201;;1
5202;;-1
5203;;1
5204;;-1
5206;;-1
5207;;-1
5208;;-1
5209;;1
5210;;0
5211;;-1
5212;;-1
5213;;-1
5214;;-1
5215;;-1
5216;;-1
5217;;-1
5218;;1
5219;;-1
5220;;-1
5221;;-1
5223;;-1
5224;;-1
5225;;-1
5226;;1
5227;;0
5229;;1
5231;;-1
5232;;-1
5233;;-1
5234;;1
5235;;0
5236;;-1
5237;;-1
5238;;-1
5239;;-1
5240;;-1
5241;;1
5242;;-1
5243;;-1
5244;;0
5245;;0
5246;;-1
5247;;-1
5248;;-1
5249;;1
5250;;-1
5251;;-1
5252;;-1
5253;;-1
5254;;-1
5256;;-1
5257;;0
5258;;-1
5263;;1
5265;;0
5266;;1
5268;;-1
5270;;-1
5271;;-1
5272;;0
5273;;-1
5274;;0
5275;;0
5276;;-1
5277;;-1
5278;;-1
5279;;-1
5280;;1
5282;;-1
5283;;-1
5284;;1
5286;;-1
5287;;-1
5288;;-1
5289;;-1
5290;;-1
5291;;-1
5292;;-1
5293;;-1
5294;;0
5295;;0
5297;;-1
5299;;-1
5300;;0
5301;;1
5303;;-1
5304;;-1
5305;;-1
5306;;0
5307;;1
5308;;0
5309;;0
5310;;0
5311;;-1
5312;;-1
5313;;-1
5314;;-1
5315;;-1
5316;;0
5317;;-1
5318;;-1
5320;;1
5321;;-1
5322;;-1
5323;;-1
5324;;-1
5325;;1
5326;;-1
5327;;-1
5328;;-1
5329;;-1
5332;;-1
5333;;-1
5335;;-1
5337;;-1
5338;;-1
5339;;-1
5340;;0
5341;;0
5342;;-1
5343;;-1
5344;;0
5345;;-1
5346;;1
5347;;0
5348;;-1
5349;;-1
5350;;0
5351;;-1
5352;;-1
5353;;-1
5354;;0
5355;;-1
5356;;0
5357;;0
5358;;-1
5359;;1
5360;;-1
5361;;-1
5362;;0
5363;;-1
5364;;-1
5365;;-1
5366;;-1
5367;;-1
5369;;-1
5370;;-1
5373;;-1
5374;;-1
5375;;1
5376;;-1
5377;;-1
5378;;-1
5379;;-1
5380;;-1
5381;;0
5382;;-1
5383;;-1
5384;;-1
5385;;-1
5386;;-1
5387;;-1
5388;;-1
5389;;0
5390;;-1
5391;;-1
5392;;-1
5393;;-1
5394;;0
5395;;-1
5396;;-1
5397;;-1
5398;;-1
5399;;-1
5400;;-1
5401;;-1
5402;;-1
5403;;-1
5404;;-1
5405;;-1
5406;;-1
5407;;-1
5408;;-1
5409;;-1
5410;;0
5411;;-1
5412;;-1
5413;;-1
5414;;1
5415;;-1
5416;;-1
5417;;-1
5418;;-1
5419;;-1
5420;;-1
5421;;0
5422;;-1
5423;;-1
5424;;0
5425;;0
5426;;-1
5427;;0
5428;;-1
5429;;-1
5430;;-1
5431;;-1
5432;;0
5433;;-1
5434;;0
5435;;-1
5436;;0
5437;;-1
5438;;-1
5439;;-1
5440;;1
5441;;0
5443;;1
5444;;-1
5445;;-1
5446;;-1
5447;;-1
5448;;-1
5449;;-1
5450;;-1
5451;;-1
5452;;0
5453;;-1
5454;;0
5455;;-1
5456;;-1
5457;;-1
5458;;-1
5459;;-1
5460;;-1
5461;;-1
5462;;-1
5463;;-1
5464;;-1
5465;;-1
5466;;-1
5467;;-1
5468;;0
5469;;1
5470;;-1
5471;;-1
5472;;1
5473;;-1
5474;;0
5475;;1
5476;;0
5477;;0
5478;;0
5479;;-1
5480;;-1
5481;;-1
5482;;-1
5483;;-1
5484;;-1
5485;;-1
5486;;-1
5487;;-1
5488;;-1
5489;;-1
5490;;-1
5491;;1
5492;;-1
5493;;-1
5494;;-1
5495;;-1
5496;;-1
5497;;-1
5498;;0
5499;;-1
5500;;0
5501;;-1
5502;;-1
5503;;-1
5504;;-1
5505;;-1
5506;;-1
5507;;-1
5508;;-1
5509;;-1
5510;;-1
5511;;0
5512;;-1
5513;;-1
5514;;-1
5515;;-1
5516;;1
5517;;-1
5518;;-1
5519;;-1
5520;;0
5521;;1
5522;;0
5523;;-1
5524;;0
5525;;-1
5526;;-1
5527;;-1
5528;;-1
5529;;-1
5530;;0
5531;;-1
5532;;-1
5533;;-1
5534;;0
5535;;1
5536;;-1
5537;;-1
5538;;-1
5539;;-1
5540;;-1
5541;;-1
5542;;-1
5543;;-1
5544;;-1
5545;;-1
5546;;-1
5547;;0
5548;;-1
5549;;-1
5550;;-1
5551;;0
5552;;-1
5553;;0
5554;;-1
5555;;-1
5556;;-1
5557;;-1
5558;;-1
5559;;-1
5560;;-1
5561;;-1
5562;;-1
5563;;-1
5564;;-1
5565;;-1
5566;;-1
5567;;-1
5568;;-1
5569;;-1
5570;;-1
5571;;-1
5572;;-1
5573;;-1
5574;;-1
5575;;-1
5576;;-1
5577;;-1
5578;;-1
5579;;0
5580;;-1
5581;;-1
5582;;-1
5583;;-1
5584;;0
5585;;-1
5587;;-1
5588;;0
5589;;0
5590;;-1
5591;;1
5592;;-1
5593;;-1
5594;;0
5595;;-1
5596;;-1
5597;;-1
5598;;-1
5599;;0
5600;;-1
5602;;-1
5603;;1
5604;;-1
5605;;-1
5606;;-1
5607;;1
5608;;-1
5609;;-1
5610;;0
5612;;0
5613;;1
5614;;-1
5615;;0
5616;;-1
5617;;0
5618;;-1
5619;;-1
5620;;-1
5621;;-1
5622;;1
5623;;-1
5624;;1
5625;;0
5626;;-1
5627;;1
5629;;-1
5630;;0
5631;;0
5632;;-1
5633;;0
5634;;-1
5635;;0
5637;;1
5640;;-1
5641;;-1
5642;;1
5643;;-1
5644;;0
5645;;-1
5646;;0
5647;;-1
5648;;-1
5649;;-1
5650;;0
5651;;-1
5652;;-1
5653;;-1
5654;;0
5655;;-1
5656;;-1
5657;;-1
5658;;-1
5659;;1
5660;;-1
5661;;-1
5662;;-1
5663;;0
5664;;0
5665;;0
5666;;-1
5667;;1
5668;;0
5669;;1
5670;;-1
5671;;-1
5672;;-1
5673;;1
5674;;-1
5675;;1
5676;;0
5677;;-1
5678;;1
5679;;-1
5680;;1
5681;;-1
5682;;-1
5684;;-1
5685;;1
5686;;1
5688;;-1
5690;;0
5691;;0
5692;;1
5693;;-1
5694;;0
5695;;-1
5696;;-1
5697;;1
5698;;-1
5699;;1
5700;;-1
5701;;-1
5702;;1
5704;;-1
5705;;-1
5707;;1
5708;;-1
5709;;1
5710;;-1
5711;;0
5712;;1
5713;;0
5714;;-1
5715;;-1
5716;;1
5717;;-1
5718;;-1
5719;;-1
5720;;1
5721;;-1
5722;;0
5723;;1
5724;;1
5726;;-1
5727;;0
5728;;-1
5729;;-1
5731;;-1
5732;;-1
5733;;-1
5734;;-1
5735;;-1
5736;;0
5737;;-1
5738;;-1
5739;;1
5740;;-1
5741;;0
5742;;-1
5743;;-1
5744;;-1
5745;;0
5746;;-1
5747;;-1
5749;;1
5750;;-1
5751;;-1
5752;;-1
5753;;-1
5754;;-1
5755;;0
5756;;1
5757;;-1
5758;;-1
5759;;-1
5760;;-1
5761;;-1
5762;;-1
5763;;-1
5764;;-1
5765;;-1
5766;;1
5767;;0
5768;;0
5769;;-1
5770;;1
5771;;-1
5772;;-1
5773;;-1
5774;;0
5775;;-1
5776;;0
5777;;1
5778;;-1
5779;;1
5780;;0
5781;;-1
5782;;0
5783;;-1
5784;;-1
5785;;-1
5786;;0
5787;;-1
5788;;-1
5789;;1
5790;;1
5791;;-1
5792;;1
5793;;0
5794;;-1
5795;;0
5796;;-1
5797;;-1
5798;;-1
5799;;-1
5800;;0
5801;;-1
5802;;1
5803;;-1
5804;;-1
5805;;1
5806;;-1
5807;;-1
5808;;-1
5809;;1
5810;;-1
5811;;0
5812;;-1
5813;;-1
5814;;0
5815;;-1
5816;;-1
5817;;1
5818;;-1
5819;;-1
5820;;-1
5821;;-1
5823;;-1
5824;;0
5825;;-1
5826;;-1
5827;;-1
5828;;0
5829;;0
5830;;-1
5831;;-1
5832;;1
5833;;-1
5834;;-1
5835;;-1
5836;;-1
5837;;-1
5838;;-1
5839;;1
5840;;-1
5842;;-1
5843;;-1
5844;;1
5845;;0
5846;;0
5847;;-1
5848;;-1
5849;;-1
5850;;0
5851;;-1
5852;;-1
5853;;-1
5854;;-1
5855;;-1
5856;;1
5857;;1
5858;;-1
5859;;-1
5860;;-1
5861;;-1
5862;;0
5863;;-1
5864;;-1
5865;;-1
5866;;1
5867;;-1
5868;;1
5869;;-1
5870;;1
5871;;-1
5872;;0
5873;;-1
5874;;0
5875;;-1
5876;;-1
5877;;1
5878;;0
5879;;0
5880;;-1
5881;;-1
5882;;0
5883;;0
5884;;-1
5885;;0
5886;;-1
5887;;-1
5888;;-1
5889;;1
5890;;-1
5891;;-1
5892;;-1
5893;;-1
5894;;-1
5895;;-1
5896;;-1
5897;;-1
5898;;-1
5899;;-1
5900;;-1
5901;;-1
5902;;-1
5903;;-1
5904;;-1
5905;;0
5906;;-1
5907;;-1
5908;;-1
5909;;1
5910;;-1
5911;;-1
5912;;1
5913;;-1
5914;;0
5915;;-1
5916;;0
5917;;-1
5918;;0
5919;;-1
5920;;1
5921;;-1
5922;;-1
5923;;-1
5924;;-1
5925;;1
5926;;-1
5927;;-1
5928;;0
5929;;0
5930;;-1
5931;;0
5932;;-1
5933;;-1
5934;;-1
5935;;-1
5936;;-1
5937;;1
5938;;-1
5939;;1
5940;;-1
5941;;-1
5942;;-1
5943;;0
5944;;-1
5945;;-1
5946;;-1
5947;;1
5948;;-1
5949;;-1
5950;;-1
5951;;1
5952;;-1
5953;;-1
5954;;-1
5955;;-1
5956;;-1
5957;;-1
5958;;1
5959;;0
5960;;-1
5961;;-1
5962;;-1
5963;;-1
5964;;-1
5965;;-1
5966;;-1
5967;;1
5968;;-1
5969;;1
5970;;-1
5971;;0
5972;;1
5973;;-1
5974;;-1
5975;;-1
5976;;-1
5977;;-1
5978;;-1
5979;;0
5980;;-1
5981;;0
5982;;-1
5983;;0
5984;;-1
5985;;-1
5986;;0
5987;;-1
5988;;-1
5989;;-1
5990;;-1
5991;;1
5992;;1
5993;;-1
5994;;-1
5995;;1
5996;;0
5997;;-1
5998;;-1
5999;;1
6000;;-1
6001;;-1
6002;;1
6003;;-1
6004;;-1
6005;;-1
6007;;0
6008;;-1
6009;;-1
6010;;-1
6011;;1
6012;;-1
6015;;-1
6016;;0
6017;;0
6018;;-1
6019;;1
6020;;0
6022;;-1
6024;;-1
6026;;-1
6027;;-1
6028;;-1
6029;;1
6030;;0
6031;;-1
6032;;-1
6033;;-1
6035;;-1
6037;;-1
6038;;-1
6039;;-1
6040;;1
6042;;-1
6043;;-1
6044;;0
6045;;0
6046;;-1
6047;;-1
6048;;-1
6049;;1
6050;;0
6051;;-1
6052;;-1
6053;;-1
6054;;1
6055;;-1
6056;;-1
6057;;-1
6059;;-1
6062;;-1
6063;;1
6064;;-1
6065;;-1
6066;;-1
6067;;-1
6068;;-1
6071;;-1
6073;;-1
6076;;-1
6078;;-1
6079;;-1
6080;;-1
6081;;0
6082;;-1
6083;;-1
6084;;-1
6085;;-1
6086;;1
6087;;1
6088;;-1
6089;;-1
6090;;-1
6094;;-1
6095;;-1
6098;;-1
6100;;0
6101;;-1
6103;;0
6104;;0
6107;;-1
6108;;0
6110;;-1
6111;;-1
6112;;0
6113;;1
6115;;-1
6117;;0
6118;;1
6119;;0
6120;;-1
6122;;1
6123;;-1
6126;;-1
6128;;1
6129;;-1
6132;;-1
6133;;-1
6134;;1
6136;;1
6137;;1
6138;;1
6142;;1
6143;;1
6144;;-1
6147;;-1
6150;;-1
6151;;-1
6152;;1
6153;;0
6154;;1
6155;;-1
6158;;1
6159;;0
6161;;-1
6162;;-1
6163;;-1
6164;;0
6165;;-1
6167;;-1
6168;;1
6169;;-1
6170;;0
6172;;-1
6175;;-1
6176;;-1
6177;;-1
6178;;0
6179;;-1
6180;;0
6181;;-1
6182;;-1
6183;;1
6184;;-1
6185;;1
6187;;1
6188;;-1
6189;;0
6190;;-1
6191;;-1
6192;;0
6193;;1
6194;;-1
6195;;-1
6196;;-1
6197;;-1
6198;;-1
6199;;-1
6200;;0
6201;;-1
6202;;-1
6203;;-1
6204;;-1
6205;;-1
6206;;1
6207;;-1
6209;;-1
6210;;-1
6211;;-1
6212;;1
6213;;-1
6214;;-1
6215;;-1
6216;;1
6217;;1
6218;;-1
6219;;-1
6220;;0
6221;;-1
6222;;-1
6223;;1
6224;;0
6225;;-1
6226;;-1
6227;;-1
6228;;-1
6229;;-1
6230;;-1
6232;;0
6233;;-1
6236;;0
6237;;-1
6238;;0
6239;;1
6241;;-1
6242;;0
6243;;1
6244;;-1
6245;;-1
6246;;-1
6247;;-1
6248;;-1
6249;;-1
6250;;0
6252;;1
6253;;-1
6254;;0
6255;;-1
6257;;-1
6258;;-1
6260;;-1
6261;;1
6262;;-1
6264;;0
6266;;-1
6268;;1
6269;;-1
6271;;-1
6272;;-1
6273;;-1
6274;;0
6275;;-1
6277;;1
6279;;-1
6281;;1
6282;;-1
6283;;-1
6285;;-1
6286;;0
6288;;-1
6289;;1
6291;;-1
6294;;1
6297;;-1
6298;;1
6299;;-1
6301;;-1
6302;;-1
6303;;-1
6304;;-1
6306;;-1
6307;;0
6308;;0
6309;;-1
6310;;-1
6311;;-1
6313;;-1
6314;;1
6315;;-1
6316;;-1
6317;;-1
6318;;-1
6319;;-1
6320;;-1
6321;;-1
6323;;-1
6325;;0
6326;;0
6327;;0
6330;;-1
6331;;-1
6332;;-1
6333;;1
6334;;0
6335;;-1
6336;;-1
6337;;-1
6338;;1
6339;;-1
6340;;-1
6341;;0
6342;;1
6344;;-1
6345;;0
6346;;0
6347;;-1
6348;;-1
6351;;-1
6352;;0
6353;;1
6354;;0
6355;;-1
6356;;-1
6357;;0
6358;;0
6359;;-1
6360;;-1
6361;;0
6362;;1
6364;;0
6366;;-1
6367;;-1
6368;;-1
6369;;-1
6372;;0
6375;;-1
6376;;-1
6377;;0
6381;;0
6382;;0
6383;;1
6385;;-1
6386;;-1
6387;;0
6388;;0
6389;;-1
6390;;0
6391;;-1
6392;;-1
6393;;-1
6394;;-1
6395;;0
6396;;-1
6397;;-1
6398;;0
6399;;0
6402;;-1
6404;;-1
6405;;-1
6406;;-1
6410;;0
6411;;0
6414;;1
6416;;-1
6418;;1
6419;;-1
6420;;1
6422;;-1
6423;;1
6424;;-1
6425;;0
6426;;-1
6428;;-1
6432;;-1
6433;;1
6434;;-1
6435;;-1
6436;;1
6437;;-1
6438;;0
6439;;0
6440;;0
6441;;-1
6442;;-1
6443;;-1
6444;;-1
6445;;-1
6447;;-1
6448;;1
6449;;1
6450;;1
6451;;-1
6452;;-1
6453;;1
6454;;-1
6456;;0
6457;;-1
6458;;0
6459;;-1
6460;;-1
6461;;-1
6462;;-1
6463;;-1
6464;;-1
6465;;-1
6466;;1
6467;;0
6468;;-1
6469;;-1
6470;;-1
6471;;-1
6472;;0
6473;;-1
6474;;-1
6475;;-1
6476;;-1
6477;;-1
6478;;-1
6479;;-1
6482;;-1
6483;;-1
6484;;1
6485;;-1
6486;;0
6487;;-1
6488;;0
6489;;-1
6490;;-1
6492;;0
6493;;1
6495;;-1
6496;;0
6497;;-1
6498;;1
6499;;0
6500;;0
6501;;-1
6502;;-1
6503;;1
6504;;0
6505;;-1
6506;;-1
6507;;-1
6508;;1
6510;;-1
6512;;-1
6513;;1
6514;;-1
6515;;-1
6516;;0
6518;;1
6519;;1
6520;;1
6521;;0
6522;;-1
6523;;-1
6525;;-1
6526;;0
6527;;-1
6531;;-1
6532;;0
6533;;-1
6534;;0
6535;;-1
6537;;-1
6538;;-1
6540;;-1
6541;;0
6542;;0
6543;;-1
6544;;-1
6545;;0
6547;;-1
6548;;-1
6549;;-1
6550;;1
6551;;-1
6552;;0
6553;;1
6554;;-1
6555;;0
6556;;-1
6558;;0
6559;;-1
6560;;-1
6562;;-1
6563;;-1
6565;;0
6567;;0
6568;;0
6570;;-1
6571;;-1
6572;;-1
6573;;0
6574;;-1
6575;;0
6576;;-1
6577;;-1
6578;;-1
6579;;-1
6582;;0
6583;;-1
6584;;1
6585;;0
6590;;-1
6591;;-1
6593;;-1
6594;;-1
6595;;0
6596;;-1
6597;;-1
6598;;0
6599;;-1
6601;;-1
6603;;-1
6605;;-1
6606;;-1
6607;;-1
6608;;-1
6610;;-1
6611;;0
6612;;-1
6613;;-1
6614;;-1
6615;;-1
6616;;-1
6617;;-1
6619;;-1
6622;;-1
6624;;1
6628;;-1
6629;;-1
6631;;-1
6633;;-1
6635;;-1
6639;;0
6640;;1
6641;;0
6643;;-1
6644;;0
6645;;-1
6646;;-1
6649;;-1
6650;;-1
6652;;-1
6657;;-1
6658;;-1
6659;;-1
6660;;-1
6662;;-1
6663;;-1
6664;;1
6666;;-1
6667;;-1
6669;;-1
6670;;-1
6671;;1
6673;;-1
6674;;-1
6675;;0
6676;;-1
6677;;-1
6678;;1
6680;;-1
6681;;-1
6682;;-1
6685;;-1
6686;;0
6687;;1
6688;;0
6690;;-1
6691;;-1
6692;;0
6693;;-1
6694;;-1
6695;;-1
6696;;-1
6697;;-1
6698;;-1
6699;;0
6701;;0
6704;;-1
6705;;-1
6706;;-1
6707;;0
6708;;-1
6709;;-1
6710;;-1
6711;;-1
6714;;0
6716;;1
6717;;-1
6721;;-1
6722;;-1
6723;;-1
6724;;1
6725;;-1
6726;;-1
6727;;0
6728;;0
6729;;-1
6731;;0
6734;;-1
6735;;0
6737;;-1
6738;;1
6739;;0
6740;;0
6741;;-1
6742;;-1
6743;;0
6744;;-1
6746;;-1
6748;;-1
6753;;-1
6754;;0
6755;;0
6756;;-1
6757;;-1
6759;;-1
6760;;-1
6762;;-1
6763;;-1
6764;;-1
6768;;-1
6770;;-1
6773;;-1
6775;;-1
6776;;-1
6777;;-1
6780;;-1
6782;;0
6783;;-1
6784;;-1
6786;;-1
6788;;-1
6790;;-1
6791;;-1
6792;;-1
6794;;-1
6795;;-1
6796;;0
6797;;-1
6799;;-1
6802;;-1
6803;;-1
6804;;-1
6805;;-1
6806;;1
6807;;-1
6808;;-1
6809;;-1
6810;;0
6811;;0
6813;;-1
6814;;-1
6817;;-1
6819;;-1
6821;;-1
6822;;-1
6823;;-1
6824;;0
6825;;-1
6826;;1
6828;;0
6831;;-1
6832;;1
6833;;1
6834;;-1
6836;;-1
6837;;-1
6838;;-1
6839;;-1
6840;;-1
6842;;-1
6844;;-1
6845;;-1
6846;;-1
6848;;-1
6850;;-1
6852;;0
6853;;-1
6854;;-1
6856;;0
6857;;-1
6858;;-1
6859;;-1
6860;;-1
6862;;1
6863;;-1
6865;;-1
6866;;-1
6868;;1
6869;;1
6870;;1
6872;;-1
6873;;-1
6874;;-1
6875;;-1
6876;;-1
6878;;1
6879;;0
6880;;-1
6881;;-1
6882;;-1
6883;;-1
6884;;0
6889;;-1
6891;;-1
6892;;-1
6893;;-1
6894;;-1
6895;;-1
6896;;0
6898;;-1
6899;;-1
6901;;1
6902;;-1
6903;;-1
6905;;-1
6906;;0
6911;;-1
6912;;-1
6913;;-1
6914;;-1
6915;;-1
6917;;-1
6918;;-1
6920;;-1
6922;;-1
6923;;0
6925;;-1
6927;;-1
6929;;-1
6930;;-1
6931;;-1
6932;;-1
6933;;0
6934;;-1
6935;;-1
6941;;0
6942;;-1
6943;;-1
6944;;-1
6945;;0
6946;;0
6947;;-1
6951;;-1
6952;;-1
6956;;0
6959;;0
6961;;1
6963;;-1
6965;;1
6971;;-1
6974;;0
6975;;-1
6976;;-1
6977;;-1
6978;;-1
6981;;-1
6982;;0
6986;;-1
6987;;1
6989;;0
6990;;-1
6994;;0
6995;;0
6996;;-1
6997;;1
6999;;0
7002;;1
7003;;0
7005;;-1
7007;;1
7008;;-1
7010;;1
7016;;0
7017;;-1
7018;;-1
7021;;-1
7023;;-1
7026;;-1
7027;;-1
7028;;-1
7029;;-1
7030;;0
7031;;-1
7032;;-1
7034;;0
7035;;0
7036;;-1
7037;;-1
7039;;1
7040;;-1
7042;;-1
7043;;-1
7044;;0
7045;;-1
7048;;0
7049;;-1
7053;;-1
7057;;-1
7058;;-1
7059;;-1
7060;;0
7061;;0
7063;;0
7064;;1
7065;;-1
7066;;-1
7067;;0
7068;;-1
7069;;-1
7070;;0
7072;;0
7073;;0
7074;;-1
7075;;-1
7077;;-1
7079;;0
7080;;-1
7081;;0
7083;;-1
7084;;-1
7085;;-1
7087;;-1
7090;;-1
7092;;0
7096;;-1
7097;;0
7099;;-1
7101;;-1
7102;;-1
7103;;-1
7104;;0
7106;;0
7108;;-1
7110;;1
7111;;-1
7113;;0
7114;;0
7115;;-1
7116;;-1
7117;;-1
7119;;0
7121;;0
7124;;-1
7125;;0
7126;;-1
7129;;-1
7130;;-1
7131;;-1
7133;;-1
7134;;-1
7135;;0
7136;;-1
7138;;-1
7139;;-1
7141;;0
7142;;-1
7143;;-1
7145;;-1
7147;;-1
7148;;0
7150;;-1
7151;;0
7152;;-1
7153;;1
7155;;-1
7156;;-1
7158;;0
7160;;-1
7162;;-1
7163;;1
7164;;-1
7165;;0
7167;;1
7168;;-1
7169;;-1
7171;;-1
7172;;-1
7173;;-1
7174;;-1
7175;;-1
7176;;0
7177;;-1
7179;;1
7181;;0
7182;;-1
7183;;-1
7184;;-1
7186;;-1
7188;;-1
7189;;0
7190;;-1
7191;;-1
7192;;-1
7193;;1
7196;;0
7197;;-1
7199;;-1
7200;;0